Particle Metric
1 0.0298825367566589
2 0.022135471308271655
3 0.027538330824803565
4 0.025229686501471865
5 0.024890101947006898
6 0.0234016197826218
7 0.02653374159891689
8 0.028205457720711515
9 0.026714357436109212
10 0.02784681378444288
11 0.02554956862003
12 0.025595779974657784
13 0.03053252635565161
14 0.021937663359738246
15 0.032400678200963054
16 0.027920234104239303
17 0.016856352627121738
18 0.02220452748346712
19 0.03412420371684079
20 0.03336859237142378
21 0.028535101291784312
22 0.025829319794465615
23 0.02662399520766396
24 0.030055343178273717
25 0.02520360670857798
26 0.031082978521774482
27 0.028153306171706954
28 0.02491809576312129
29 0.03281026950006152
30 0.024196154679533993
31 0.031264876448811325
32 0.0250146282625488
33 0.025636708444093534
34 0.034669122438872074
35 0.03545200922099271
36 0.031541084864700926
37 0.026753433272577475
38 0.017873143561943857
39 0.030601719734509158
40 0.029335799323614214
41 0.03880695414134289
42 0.03465355617430426
43 0.03349509566819581
44 0.026678414581885933
45 0.029628820851180092
46 0.03769588691480598
47 0.02945199377011846
48 0.03448296559654876
49 0.03667279569106158
50 0.02928031747034269
51 0.01960920189323863
52 0.030875717728144098
53 0.025993333751897912
54 0.04421471298434449
55 0.03512287128340501
56 0.03917179229923825
57 0.031102972877027093
58 0.02683074729671984
59 0.03711887717346067
60 0.024058877445012592
61 0.0304548733722096
62 0.022944106977928033
63 0.0283688379508348
64 0.034229243941897254
65 0.041786235337766535
66 0.03124365514419385
67 0.036754396201038306
68 0.02647300187492392
69 0.03163826472424719
70 0.02791810863723351
71 0.02949185684408364
72 0.03241263888161507
73 0.038737953590014015
74 0.0282525422727806
75 0.024352870097504926
76 0.03620872533675726
77 0.0392895900900109
78 0.032161398572049325
79 0.029246840260639964
80 0.02830022181233127
81 0.022888061568501657
82 0.03232856723181195
83 0.041341694892502695
84 0.03081946494600059
85 0.02897942565288324
86 0.023955293529909147
87 0.028066966694855477
88 0.03264895131472209
89 0.03813518910792054
90 0.036610764670173095
91 0.03155308558515941
92 0.03290693749647616
93 0.04528346686444538
94 0.02549736002823144
95 0.03873128318514761
96 0.04235074342903989
97 0.035448598291821815
98 0.030667934381559476
99 0.03657309422523571
100 0.02998549645817953
101 0.031689908837104847
102 0.02748395459152702
103 0.035751464104338
104 0.03340716893398376
105 0.02976975203343684
106 0.025487487138088096
107 0.031988936891992475
108 0.03561090294539743
109 0.03868322228291202
110 0.03012016747188085
111 0.029218993163409302
112 0.030859376492935964
113 0.03710276909189305
114 0.03998074721617902
115 0.031826837185041965
116 0.03596086590746721
117 0.029159556885562734
118 0.038655385322529996
119 0.036225975282062596
120 0.027854611477677666
121 0.0364304302393942
122 0.03360996597734364
123 0.02951325165196589
124 0.04179399476374429
125 0.0327895676043166
126 0.03579501399850005
127 0.02278449743781064
128 0.023538806297239423
129 0.03364113754282229
130 0.02467124248673387
131 0.04285977771294081
132 0.03914627923254759
133 0.0362263114158065
134 0.040881299128562386
135 0.03483272596556009
136 0.03237635679209278
137 0.03521856807910782
138 0.032871120498788986
139 0.03334730696419977
140 0.026775009071159758
141 0.03864806700079613
142 0.03337699550586105
143 0.03303592717656575
144 0.040722544877721374
145 0.02633978911888685
146 0.0332540245257066
147 0.03623348330084199
148 0.03632169814167072
149 0.024762391529908206
150 0.03180682392418671
151 0.03935827286769567
152 0.03070081402393047
153 0.029064908267864436
154 0.030300638815100037
155 0.03383889302746129
156 0.03279664893759259
157 0.04026222426371283
158 0.03664492894363311
159 0.03847893570997837
160 0.04124475907956549
161 0.04076159624728006
162 0.03514810676688298
163 0.0326577821346036
164 0.043043709068508115
165 0.037861609410503934
166 0.04799046665711906
167 0.02960233179679745
168 0.03447931439671055
169 0.038851049325770416
170 0.023711922917679734
171 0.03333967943303353
172 0.02921778404303234
173 0.031078069954916795
174 0.03471880902248524
175 0.03714134281203096
176 0.04251258613713961
177 0.03237657815995825
178 0.0281490191248388
179 0.04191875460397663
180 0.031529371583741375
181 0.03393598996719642
182 0.03198263782210884
183 0.034907265999204774
184 0.022467625260068517
185 0.02987906336164403
186 0.038984833742719924
187 0.04084900881935528
188 0.040255337730128946
189 0.024173266299886267
190 0.03247275983438761
191 0.03535687666089979
192 0.03104210388767461
193 0.03310154317113835
194 0.037019074484104235
195 0.04099647897804603
196 0.039753946371723456
197 0.03179588586954631
198 0.029900187771982903
199 0.03159553559753292
200 0.03032851971987677
201 0.026868349250552464
202 0.025997073508909358
203 0.03228016143746493
204 0.03213550380060449
205 0.027840133480709465
206 0.03225646330015078
207 0.0343019453333207
208 0.025071893544075973
209 0.03870011361743854
210 0.031054556187226665
211 0.027204411307208763
212 0.03709698626876875
213 0.03299095485849436
214 0.03929119856525323
215 0.034883745241930574
216 0.02732753805086532
217 0.032172735794867686
218 0.029265804116909187
219 0.04037327781401494
220 0.024690357658244694
221 0.0280961213284336
222 0.03661458586709866
223 0.040265477652794666
224 0.02279356096534064
225 0.03738153021979241
226 0.03742821848002545
227 0.03355068065960744
228 0.035521280891874264
229 0.026151637376263637
230 0.024995189071329586
231 0.039465760524404814
232 0.026566131487359396
233 0.03509417370276671
234 0.03943288330662488
235 0.03197822206902349
236 0.020218227643417044
237 0.03365138937559668
238 0.025524445082908215
239 0.03046932210452268
240 0.03290049071806865
241 0.030641213840176287
242 0.024711157223607307
243 0.03784047572844134
244 0.029408533478640312
245 0.029939985608745293
246 0.02004895790393733
247 0.025791590895169945
248 0.02971970442083513
249 0.028444801248204143
250 0.02968972636603296
251 0.02883364765768739
252 0.02852444290636193
253 0.031246675733888844
254 0.03127044936889767
255 0.025725170870247508
256 0.028872348582813966
257 0.027643139480845787
258 0.020519253208193325
259 0.02858308171577919
260 0.03575255676544377
261 0.03658979287029172
262 0.025804677284742283
263 0.027790829983288523
264 0.0320779489946032
265 0.02220841251506572
266 0.036377031389320996
267 0.037792406331186086
268 0.028537504988948133
269 0.03439792846290517
270 0.024926235444846494
271 0.033108048245046665
272 0.03139038434189235
273 0.024708443229012503
274 0.030114703264407953
275 0.02354365274766312
276 0.023671631896518244
277 0.020655087019891813
278 0.039554213792672724
279 0.02570089173580755
280 0.041004507749253495
281 0.01846773222682857
282 0.03691160446200405
283 0.02398603578279914
284 0.02951120457876994
285 0.022230629917408016
286 0.02697064472922808
287 0.02309444303860141
288 0.038752466597910144
289 0.01714734939161056
290 0.024250524524123147
291 0.028540483859104262
292 0.032546944462029624
293 0.021838284658238553
294 0.020292391477167708
295 0.032558152953640854
296 0.023990195782617425
297 0.030671452431337204
298 0.03451113673997372
299 0.023948706908827513
300 0.021171884173752452