Particle Metric
1 0.05299230702702787
2 0.0332508172877389
3 0.04169562056978927
4 0.0464969566975999
5 0.047145898032445496
6 0.051455252398009896
7 0.060642405651105416
8 0.043286609484303046
9 0.0401594749473782
10 0.04467532114141322
11 0.05890913033473479
12 0.061264589464331505
13 0.05538337570859367
14 0.04561538182137045
15 0.04706541693663699
16 0.058519926874951084
17 0.04001691072010727
18 0.04223062627406628
19 0.05689546395788972
20 0.06340374946359731
21 0.061971101110475206
22 0.046678007613092126
23 0.050165491226374384
24 0.058058294980664185
25 0.044123799055023755
26 0.04100380432443249
27 0.04494415414776777
28 0.059924168390126084
29 0.0522413345599316
30 0.06585064737470135
31 0.057479295351844206
32 0.06610681710287052
33 0.04773250709917427
34 0.059334737818902264
35 0.056501629992019416
36 0.04045622449690451
37 0.04965380751445136
38 0.05414550020011695
39 0.06500763128557574
40 0.041765060739457974
41 0.042561999295249946
42 0.06810617139091789
43 0.05732813673935292
44 0.07244972850999021
45 0.03495503817471536
46 0.0631830748803173
47 0.06528592776784461
48 0.06076450166444427
49 0.05861926260407239
50 0.051538685000933775
51 0.06541932641752576
52 0.04773999927386881
53 0.054618652131639404
54 0.03905319669622783
55 0.04736055809984905
56 0.062371177763103074
57 0.06848475898028517
58 0.05430045925826216
59 0.0661037843211386
60 0.08018299299939421
61 0.06928579180085583
62 0.056285274247997855
63 0.08587618113143869
64 0.0832643357413149
65 0.05162919754402433
66 0.047897990758480204
67 0.07166414452263435
68 0.0692480749603545
69 0.07236839787122949
70 0.06059452694335807
71 0.0457957776057203
72 0.06348877712871447
73 0.05275210075904773
74 0.060724271205121486
75 0.06892198609816924
76 0.07391705006529907
77 0.07825611971246667
78 0.08886437089233878
79 0.07802626146700276
80 0.0727548749877091
81 0.06364609328455446
82 0.06664367703564972
83 0.08332720203749888
84 0.05467315622205407
85 0.0776208143105823
86 0.045161368797519454
87 0.06519584797450818
88 0.07587497673832988
89 0.06489469862455757
90 0.0425841193671256
91 0.06020119035912947
92 0.06127056835025152
93 0.06337447804080323
94 0.06077225625056306
95 0.05398389199893215
96 0.06777687997627108
97 0.04821413520502428
98 0.059388272340185504
99 0.06611069480168884
100 0.05865545333311466
101 0.09134253104577171
102 0.06527821269316393
103 0.04786486509958125
104 0.04770850147969121
105 0.08060958080861262
106 0.07190484232371076
107 0.05358497550512561
108 0.07298926497582753
109 0.060244906936903424
110 0.05876882151388967
111 0.07536237645944527
112 0.05264385377895644
113 0.05090649639659381
114 0.07614261619168956
115 0.04971836273314684
116 0.060638456252016214
117 0.0495423609112928
118 0.05516607105835496
119 0.061398364746168214
120 0.07146596389469606
121 0.05718633914527801
122 0.07090285187012593
123 0.07234372869446869
124 0.07311381491348518
125 0.0381998333157859
126 0.06308034746418836
127 0.05272932173400583
128 0.06353062562019873
129 0.05644151625848555
130 0.05311223654682815
131 0.07561371679072204
132 0.0617268655450652
133 0.0774817819068121
134 0.06853221679286478
135 0.07470522525340967
136 0.05846629506825494
137 0.08375940191960593
138 0.07365507091044153
139 0.05800546432025393
140 0.04721403027154512
141 0.0571606648826588
142 0.07887862172223048
143 0.035018921507387044
144 0.05217373578719684
145 0.055718094799254145
146 0.06203083533930829
147 0.05393899038909111
148 0.07902227590293362
149 0.05995587975506304
150 0.05700445860971486
151 0.05258543903952173
152 0.061354877908222444
153 0.08574464223925438
154 0.05239736451595944
155 0.04329037661217366
156 0.07740254544943456
157 0.05987514816351572
158 0.06133246522488084
159 0.06435440699933244
160 0.05922111928722263
161 0.06487459420911025
162 0.06381348572980927
163 0.0518825932880084
164 0.06698943349691588
165 0.05571839463904503
166 0.06361052252463131
167 0.06368005957795227
168 0.055056103776557536
169 0.05240518069968099
170 0.06861532275470446
171 0.06522494152403246
172 0.056241062759391634
173 0.05836563677531103
174 0.06726712539712838
175 0.08064651894138021
176 0.07272964437349316
177 0.08641033884981408
178 0.05604210593811152
179 0.06328773200302246
180 0.0526518399674722
181 0.06141376332710918
182 0.09008515098118976
183 0.05380203302825477
184 0.06947442455081074
185 0.053716766769502176
186 0.05149186179891843
187 0.06136596579562049
188 0.062820793392696
189 0.06023942476815826
190 0.09828026851857966
191 0.04715566723125886
192 0.07351833620418415
193 0.05398343978396196
194 0.05518892248844061
195 0.06355538086069754
196 0.0782636417144742
197 0.07889608261819864
198 0.061757398082498756
199 0.04410902175235126
200 0.045556199164753834
201 0.04632952083514484
202 0.06211544374971577
203 0.09520313998275376
204 0.056890215193994446
205 0.054180355339943406
206 0.0486065583932697
207 0.05129559531797217
208 0.0441833646473871
209 0.04650479020405651
210 0.05640360924404361
211 0.06518869286855723
212 0.06375448079254672
213 0.06722049627898707
214 0.06810703419529548
215 0.06794677120215663
216 0.05421689668533617
217 0.06908757855666069
218 0.06427753472264988
219 0.07223253957449509
220 0.0795537240374898
221 0.04606672785576365
222 0.06580038375696762
223 0.05998780311004281
224 0.06937375465483243
225 0.06389305024885972
226 0.06557324222187139
227 0.060358644179021245
228 0.04081146528790272
229 0.05443559903096007
230 0.06427856402822474
231 0.05687111625684279
232 0.08388971104203989
233 0.05955792721506336
234 0.039825433172927326
235 0.0666370951068448
236 0.06757687789282334
237 0.06980184337103006
238 0.06903393230891491
239 0.06142367718505041
240 0.07157101680476191
241 0.06403242704008219
242 0.06996479424457541
243 0.04029648003553488
244 0.048681058041476155
245 0.07554595448828696
246 0.06841622014523474
247 0.05171390809803556
248 0.06665749485536028
249 0.047904258099656954
250 0.056009524656395505
251 0.07064038126509795
252 0.05362902892272552
253 0.05851562860059223
254 0.05114799073567016
255 0.07335858437095884
256 0.077086988128278
257 0.04990809765950463
258 0.06453000498612184
259 0.06008348948274517
260 0.05846926882074071
261 0.05984997033170275
262 0.048164162750133105
263 0.07803549516074751
264 0.05897160560260378
265 0.0727723075602588
266 0.05435101459137435
267 0.048593872817723247
268 0.04305359786545488
269 0.05800068172858443
270 0.06308376727354012
271 0.053908616326712046
272 0.05363056937040045
273 0.058832838332729495
274 0.045498162530549446
275 0.059592040696128876
276 0.05802603410023213
277 0.06522960312453696
278 0.04654529250754574
279 0.0726374608995237
280 0.041151979669723705
281 0.045949825459499806
282 0.03992907778795227
283 0.058625751695823645
284 0.043752840219949386
285 0.04329034453422356
286 0.047548727934734476
287 0.04328526146398595
288 0.046935099686051196
289 0.05815892543135743
290 0.062048074778154945
291 0.052864193382413244
292 0.04900172776603098
293 0.031039828740654682
294 0.044824375842915376
295 0.047748108957067735
296 0.04670978404745497
297 0.04515882876345826
298 0.04732372538713032